4619
5601
7375
8459
1537
6573
1737
8542
7208
7246
2775
5192
4596
3889
8000
1587
4398
4859
3869
6225
6816
3088
1942
2222
3722
14
3109
6468
3440
2075
4615
1163
3516
5010
5346
8322
7783
5703
8469
1164
2786
6063
6942
5059
5230
8518
6616
4600
6453
8120
3707
2779
2169
1953
8281
2777
5711
2569
3016
2864
825
8515
7051
131
5717
1657
7956
9334
3485
7992
1010
8981
5340
5875
3861
8031
2084
3227
6381
2987
6204
3133
78
7040
1631
5508
8759
7
737
989
2323
251
8445
2084
8546
7488
1471
5726
3471
8496
6687
878
9690
6055
6297
4577
3138
5154
9161
9919
3324
9500
6924
9874
8907
5659
853
1530
410
1781
256
6415
4537
2803
6204
3829
9990
4239
4913
5848
3034
2270
3564
4550
2139
8668
7631
4333
4898
5296
2835
4764
7243
4422
6753
2309
4428
7879
4759
2501
5665
216
2561
7624
9430
8459
2832
8839
4446
3774
6647
5829
2162
8464
1324
1480
98
5011
5072
3933
1900
2653
5384
3373
9137
887
2532
6392
1937
8665
1692
6396
403
2625
7250
4629
6403
7676
655
2660
5834
8429
8835
3879
4736
608
3608
8470
8727
7384
3825
3642
4160
6764
1004
8460
1138
2702
6143
525
3027
4339
65
9976
4511
4969
2184
4787
365
4699
2875
215
110
8561
2787
4345
9499
4851
8391
1188
8402
6892
6778
2557
6069
5017
4345
6
8948
4669
3345
8551
3337
720
7514
4577
4938
7799
2957
1399
94
1313
3342
7215
8949
4122
9050
1931
9046
9339
8381
1214
9035
644
5215
8460
6008
7659
1527
7932
6760
5410
5116
5221
2794
3753
2546
4409
1255
4705
4849
4815
9109
3106
8834
4077
5922
8736
9988
8435
1321
6099
3920
5578
6870
1451
2031
169
8475
5307
3675
7256
4697
2686
1485
4183
8361
2643
8689
7334
3709
3265
7297
6038
9037
8227
3823
2340
5187
6257
4879
1969
3616
5425
8388
8803
3797
18
7445
2397
8697
8960
2936
5768
8744
1221
7874
8454
9274
5497
1145
8168
3782
8491
853
2824
5485
8647
7763
3583
2664
9857
7501
8699
9053
2767
6094
7442
9153
9650
7210
3099
9754
2500
1008
4188
3176
3024
3934
3396
4793
7451
5939
4464
7244
8774
6652
8293
6410
3919
4856
837
9716
3590
6214
7060
5586
8110
2689
7124
4030
3437
3329
3328