8541
1943
9967
3689
3738
5447
6902
6105
6074
7161
1077
4093
5344
9298
2679
603
9374
4628
7118
4436
7182
8026
2765
7615
1157
9263
3539
369
4
6520
4304
4268
4231
7939
3398
4513
1112
4144
3257
5729
6696
8127
7046
1643
8208
152
6518
8017
1483
4391
3874
9861
4459
896
8312
8562
9628
1229
6181
1869
5454
8537
2149
9852
9180
3226
7669
2952
1191
3505
2133
4007
4193
5998
1629
4744
8781
5428
9909
8658
688
3904
6352
6413
4020
9749
6039
6951
9003
3007
7796
7340
2508
9765
7100
7059
4451
251
2051
7913
3454
6317
2284
9028
709
2339
2656
7522
1853
9852
5804
9322
2824
284
281
1362
7199
2076
3867
5914
9283
8111
4834
157
9375
6955
7546
9285
5031
6687
2519
9385
4916
3244
5296
7158
9884
6157
2899
7118
9286
3315
1434
3345
9213
2957
3484
2087
3334
5484
9353
3549
6345
9887
1899
6057
4613
9570
774
3463
8581
214
8162
7117
6700
7914
4815
7034
1242
9296
2113
2996
2202
6591
3165
5226
6672
9676
3542
6004
7597
4022
165
8159
7584
8154
5035
3684
584
6741
9068
5937
6702
5792
95
1801
3103
4508
8276
6061
7081
4340
1579
8752
5687
9538
3850
7745
26
5049
7965
3002
1309
7026
7065
5997
41
8361
7519
7657
9399
6736
8311
825
8697
5436
2886
8757
3177
7850
1133
9406
1848
5015
1143
6413
5986
1821
2681
1580
7119
1569
6849
372
4767
451
9380
1515
1046
3234
8151
4117
1361
8920
9095
896
7823
492
8461
4106
4796
5990
3587
1488
4033
9085
8760
3252
202
6122
7546
7430
6316
3130
8056
240
2564
716
2988
102
1344
6929
2048
8792
5921
8218
316
933
57
6414
2523
3460
1225
5296
9813
9977
547
3756
2528
1088
8491
3850
9880
628
6520
1062
4865
9501
1411
1037
796
3330
734
1677
3933
7548
5115
2077
5286
3605
5357
36
3474
3101
203
8042
9688
2284
3613
3577
5242
8099
8759
3357
2018
8272
9678
2651
6149
2240
463
264
5712
6701
6205
6942
3925
9447
9520
9935
329
7835
1413
9353