6311
3360
2764
8888
8844
7462
2212
728
6354
3041
5410
4122
4925
6601
1752
9850
3832
4628
7808
1316
1964
182
1137
8611
4329
5023
10
6150
6538
6135
8850
6761
8459
6059
2649
1987
4326
2290
4917
5713
5528
2215
2708
5745
3997
6515
9263
5939
8685
5820
9391
9627
4954
2463
5329
3667
6896
1656
1049
1240
5520
4133
1185
689
1624
5373
6660
7159
678
4873
2860
3555
8537
2635
7810
7449
970
9019
7108
940
7105
8412
9685
1207
6639
6812
3354
496
3453
8315
2026
5655
3635
5771
7037
8941
4294
6418
3531
3815
581
4176
9065
1708
2316
6453
5687
8322
8288
4835
8637
932
5868
5805
4496
1397
5940
9790
9129
3047
8282
4227
1087
3532
539
9134
9287
9809
4717
1670
4676
5918
8713
9594
4451
9018
6836
2163
3853
4156
2485
1053
5040
3735
8195
3144
4691
3295
3120
1672
2007
1272
5689
2159
6621
6736
9633
4772
1517
5759
4900
5347
9579
4027
1059
3144
3553
570
9706
4618
8387
5112
4122
8953
1690
9391
9001
2943
2847
1052
341
9895
3755
7231
5872
9676
4525
3766
9242
4775